overworld (0,0)
non compressed
8, 0, 0, 0, 0, 0, 0, 0, 0, 0, 0, 0, 0, 0,
10, 0, 1, 1, 0, 0, 0, 0, 0, 0, 0, 0, 0, 0,
8, 2, 0, 0, 1, 0, 2, 0, 7, 6, 0, 0, 0, 0,
8, 0, 0, 0, 0, 0, 0, 0, 5, 4, 0, 0, 0, 0,
8, 8, 0, 2, 0, 0, 0, 0, 3, 0, 0, 0, 0, 0,
8, 8, 0, 0, 0, 0, 0, 0, 2, 3, 0, 0, 0, 0,
10, 8, 0, 0, 0, 0, 0, 0, 0, 0, 0, 0, 0, 0, 
8, 10, 0, 0, 0, 0, 0, 0, 0, 0, 0, 0, 3, 0

compressed
8, 15, 13, 0,
10, 0, 1, 1, 15, 10, 0,
8, 2, 0, 0, 1, 0, 2, 0, 7, 6, 15, 4, 0,
8, 15, 7, 0, 5, 4, 15, 4, 0,
8, 8, 0, 2, 15, 4, 0, 3, 15, 5, 0,
8, 8, 15, 6, 0, 2, 3, 15, 4, 0,
10, 8, 15, 12, 0,
8, 10, 15, 10, 0, 3, 0





overworld (1, 0)
non compressed
0, 0, 0, 0, 0, 0, 0, 0, 0, 0, 0, 0, 2, 2,
0, 0, 0, 0, 0, 0, 0, 2, 0, 0, 0, 0, 0, 0,
0, 0, 0, 0, 0, 0, 0, 0, 1, 0, 0, 0, 2, 0,
2, 0, 0, 0, 0, 0, 0, 0, 0, 0, 0, 0, 0, 0,
0, 0, 0, 0, 0, 0, 0, 0, 0, 0, 0, 2, 0, 0,
0, 2, 2, 0, 0, 0, 0, 0, 0, 0, 0, 0, 0, 0,
0, 0, 0, 0, 0, 0, 0, 0, 1, 0, 0, 0, 0, 0,
0, 0, 0, 0, 0, 0, 0, 0, 0, 0, 0, 0, 0, 0

compressed (44 bytes)
15, 12, 0, 2, 2,
15, 7, 0, 2, 15, 14, 0, 1, 0, 0, 0, 2, 0, // two rows
2, 15, 16, 0, 15, 8, 0, 2, 0, 0, // two rows
0, 2, 2, 15, 16, 0, 0, 0, 0, 1, 15, 16, 0, 0, 0, 0 // three rows

nibbles
252, 2, 47, ...


